  begin c2_def;
    nsec 27;
    sec  1    0.00000e+00    7.00600e-05    4.79236e-16   -1.45000e+01 ;
    sec  2   -2.06477e-05   -1.22119e-02    3.23743e+00   -1.45000e+01 ;
    sec  3   -7.28810e-03   -2.49251e-02    6.47485e+00   -1.44851e+01 ;
    sec  4   -1.89235e-02   -2.73351e-02    7.55404e+00   -1.44610e+01 ;
    sec  5   -5.41282e-02   -2.82163e-02    9.38909e+00   -1.43388e+01 ;
    sec  6   -1.26633e-01   -2.13210e-02    1.12253e+01   -1.40201e+01 ;
    sec  7   -2.25666e-01   -1.28378e-02    1.31705e+01   -1.33904e+01 ;
    sec  8   -2.88563e-01   -7.70659e-03    1.42517e+01   -1.29371e+01 ;
    sec  9   -3.99194e-01   -4.88317e-03    1.61979e+01   -1.19445e+01 ;
    sec 10   -5.76634e-01   -1.80296e-02    1.96567e+01   -9.98243e+00 ;
    sec 11   -7.07136e-01   -5.01772e-02    2.31129e+01   -8.45147e+00 ;
    sec 12   -7.91081e-01   -9.41228e-02    2.65673e+01   -7.46417e+00 ;
    sec 13   -8.37195e-01   -1.48880e-01    3.00210e+01   -6.72916e+00 ;
    sec 14   -8.53948e-01   -2.14514e-01    3.34744e+01   -6.08842e+00 ;
    sec 15   -8.49367e-01   -2.90618e-01    3.69279e+01   -5.49322e+00 ;
    sec 16   -7.93920e-01   -4.62574e-01    4.34036e+01   -4.39222e+00 ;
    sec 17   -7.16284e-01   -6.88437e-01    5.03115e+01   -3.09315e+00 ;
    sec 18   -6.34358e-01   -9.60017e-01    5.72196e+01   -1.75629e+00 ;
    sec 19   -5.53179e-01   -1.28424e+00    6.41275e+01   -5.00650e-01 ;
    sec 20   -4.75422e-01   -1.66402e+00    7.10351e+01    6.01964e-01 ;
    sec 21   -4.03180e-01   -2.10743e+00    7.79423e+01    1.55560e+00 ;
    sec 22   -3.30085e-01   -2.65630e+00    8.52810e+01    2.51935e+00 ;
    sec 23   -3.10140e-01   -2.78882e+00    8.68998e+01    2.72950e+00 ;
    sec 24   -2.86719e-01   -2.92517e+00    8.85190e+01    2.93201e+00 ;
    sec 25   -2.55823e-01   -3.06577e+00    9.01379e+01    3.11874e+00 ;
    sec 26   -2.07891e-01   -3.20952e+00    9.17570e+01    3.28847e+00 ;
    sec 27   -8.98940e-02   -3.33685e+00    9.32007e+01    3.42796e+00 ;
  end c2_def;
