1 number of sets
#1
$1  51
0.000000000000000000e+00 1.178876438260755549e+03 -4.198517988830000221e-03 -3.770198544501626725e-03 1.823967849700000032e+00 1.898258270902435152e+00 -2.889540158490000107e-03 -1.017297832063869187e-02 1.261237767420000076e+10 2.526806621369999886e+09 5.477098212817101519e+00 4.699497167256091679e+00 1.200466644630023616e+01 5.452144532830000001e-01 7.039023117699999554e-01 1.397607506796486376e+00 0.000000000000000000e+00 -4.866418371720000226e-03 -3.473431857744663839e-03
2.167083608800000061e+00 1.178781789101337381e+03 -5.443961832139999901e-03 -3.921002962220912144e-03 1.824692092120000053e+00 1.897986453805402096e+00 -3.578305087370000064e-03 -1.032531678900334635e-02 1.264187641729999924e+10 2.527648248869999886e+09 5.462209456752417758e+00 4.687948892155700875e+00 1.199599736518989523e+01 5.456707508729999878e-01 7.029698211820000209e-01 1.396116579282143499e+00 0.000000000000000000e+00 -6.272850925309999583e-03 -3.548263205647952945e-03
4.024439438219999055e+00 1.168379627848778910e+03 -1.175811152669999950e-02 -6.126716545399462505e-03 1.819576330220000093e+00 1.892432706701312695e+00 -1.596865569040000063e-03 -9.117319783300019062e-03 1.251169505850000000e+10 2.480149313260000229e+09 5.281868865955807735e+00 4.670676686307450254e+00 1.169263169282833559e+01 5.504454699840000131e-01 6.937262793799999772e-01 1.403913713284280940e+00 0.000000000000000000e+00 -6.126736599980000392e-03 -4.422120930096871787e-03
5.881623208599998875e+00 1.167742388696874286e+03 -1.728616040589999944e-02 -5.816317949804908870e-03 1.792699091850000093e+00 1.879349135366921608e+00 6.253279703979999771e-03 5.327776359689936903e-03 1.232125201020000076e+10 2.428219917769999981e+09 5.087359610006933153e+00 4.679068629892690012e+00 1.119159948015860984e+01 5.614342221520000065e-01 6.738861936140000397e-01 1.428371896114909001e+00 0.000000000000000000e+00 -1.606846912250000162e-02 -4.806450527577506293e-03
7.738839240049999013e+00 1.151224695592065473e+03 -1.425918810870000029e-03 -8.851518129049803021e-03 1.735734738209999906e+00 1.851251839226580653e+00 3.737892634610000264e-02 1.195014881153185979e-02 1.144143774639999962e+10 2.208310035219999790e+09 4.943298722653393540e+00 4.879947640547622534e+00 1.077720196959838361e+01 5.700725571139999559e-01 6.403877197220000372e-01 1.522319827995079367e+00 0.000000000000000000e+00 1.353492474170000029e-02 -5.641123124015051324e-03
9.596055271499999151e+00 1.100956476430543034e+03 1.916035318999999987e-02 -3.912795912867166569e-03 1.618714196940000072e+00 1.849218302532305680e+00 1.121549367589999985e-01 3.986308362168938108e-02 1.095345052420000076e+10 2.086808227720000029e+09 4.451160654911660686e+00 4.785170921208505845e+00 9.380116688688195481e+00 5.857277187149999564e-01 5.847446280529999818e-01 1.528908626144050986e+00 -4.280395488900000345e+01 4.085418605249999807e-02 2.698507760964827338e-03
1.145300246069999694e+01 1.036292554734352962e+03 9.811466520040000583e-02 4.261694338425523615e-03 1.514187372280000110e+00 1.791276091925064318e+00 2.908741886639999996e-01 7.251609326422862878e-02 1.016250274789999962e+10 1.902067135509999990e+09 3.990870097312419595e+00 4.744702170897393323e+00 8.055646239634889128e+00 5.939147863889999712e-01 5.245650234249999988e-01 1.551470028100815801e+00 -3.590939731059999929e+01 1.365063145919999943e-01 8.676384438299451080e-03
1.330876674399999615e+01 9.696938843583589005e+02 1.561638315149999900e-01 1.336529041379819205e-02 1.383741654040000046e+00 1.754817984407379017e+00 4.993099050220000112e-01 1.076942460187778755e-01 9.683211777170000076e+09 1.785633828869999886e+09 3.393181023773203631e+00 4.514847782471374416e+00 6.473059074113074018e+00 5.913668887230000282e-01 4.598905021640000146e-01 1.526325498213315646e+00 -2.573682825819999920e+01 2.041074684570000075e-01 1.181576038334137928e-02
1.516721944979999925e+01 9.086615820147900422e+02 2.543285190580000243e-01 2.372733038232550593e-02 1.249816501950000047e+00 1.728881092059989077e+00 7.543207138559999692e-01 9.839218570408563014e-02 9.337642400860000610e+09 1.709739599880000114e+09 2.801191635136760283e+00 4.215576569975302057e+00 4.991058862290500997e+00 5.954269862909999933e-01 4.070510537290000230e-01 1.484487697738690715e+00 -1.892689441370000125e+01 3.103580675679999956e-01 1.765787202389476271e-02
1.671575080979999584e+01 8.800347478202563707e+02 3.217036826920000037e-01 3.280676411650901986e-02 1.153772715739999954e+00 1.720466667569697572e+00 9.345864114240000076e-01 1.032768753769338077e-01 9.374648500680000305e+09 1.739422962509999990e+09 2.350977797143483095e+00 3.939279596855290055e+00 3.931980762034495314e+00 6.126974997490000074e-01 3.636300070749999835e-01 1.431833125817811192e+00 -1.427625253639999947e+01 3.859094894210000071e-01 2.445433957812862685e-02
1.903198809889999410e+01 8.156525201946456036e+02 3.851760591300000258e-01 3.434996023366430201e-02 1.050876198819999940e+00 1.712106246583561475e+00 1.089486641629999975e+00 1.114747522899265098e-01 8.624632891030000687e+09 1.589827470799999952e+09 1.930939145519487310e+00 3.763019927035512247e+00 3.033950599091594036e+00 5.779910263080000332e-01 3.366770238119999870e-01 1.425727724173521338e+00 -1.097380596770000061e+01 4.837139672870000018e-01 2.331155826038122311e-02
2.089624779729999560e+01 7.474487868743717627e+02 4.254807193139999999e-01 4.094580311647117582e-02 9.932312401920000422e-01 1.719137029204208300e+00 1.092347716799999979e+00 1.314107298508394861e-01 8.437603185710000038e+09 1.562263152289999962e+09 1.551178387267236225e+00 3.339533490915197689e+00 2.279691960802092687e+00 5.429976056059999667e-01 3.333834705290000255e-01 1.325691897380196327e+00 -8.868245655100000846e+00 5.504427083289999967e-01 3.082470203369842843e-02
2.275405528170000125e+01 6.906972052054569531e+02 4.810838683359999757e-01 4.447730263767172426e-02 9.450464778449999548e-01 1.706892133862195182e+00 1.171138499350000028e+00 1.316950264287571060e-01 8.129262897710000038e+09 1.503444060460000038e+09 1.292845096239000569e+00 3.006696651706333601e+00 1.775058070203780369e+00 4.979723488989999947e-01 3.245372403910000147e-01 1.262427003193296926e+00 -7.621937975319999836e+00 6.207935000819999605e-01 3.593858569103388495e-02
2.461121754469999701e+01 6.390002585570090332e+02 5.366538211089999511e-01 4.531340184483140937e-02 9.012860244689999689e-01 1.690915083795462737e+00 1.237673618689999921e+00 1.268386239859158049e-01 7.849814928260000229e+09 1.450790697640000105e+09 1.096534141224662751e+00 2.678601950142271093e+00 1.395116905305866517e+00 4.561354931869999740e-01 3.193266646169999889e-01 1.200667303002571629e+00 -6.789582816140000254e+00 6.963471666330000032e-01 3.802146712114667926e-02
2.646837980769999632e+01 5.952300267923635602e+02 5.857667886009999547e-01 4.374578675363248459e-02 8.602564135000000389e-01 1.669481613573468248e+00 1.288115475439999935e+00 1.205534880522043245e-01 7.693317886189999580e+09 1.422515663990000010e+09 9.248964402215662517e-01 2.353015771470835293e+00 1.082643851694153891e+00 4.225675180540000020e-01 3.159738431890000143e-01 1.135445967097503228e+00 -6.090295048579999815e+00 7.589979434700000471e-01 3.713232976288281806e-02
2.832607975519999499e+01 5.586786146065023786e+02 5.751776808020000464e-01 3.967238049015753970e-02 8.127655884540000431e-01 1.681897823714104012e+00 1.313916990420000097e+00 1.058525688693592315e-01 7.680136993510000229e+09 1.413741898599999905e+09 7.767095582531753362e-01 2.035724927102292359e+00 8.376527133675553127e-01 3.822625166590000179e-01 3.128548494150000248e-01 1.068139020670578310e+00 -4.893401823689999652e+00 7.345733551499999958e-01 3.307544378899749532e-02
3.018377970269999722e+01 5.336950190990179408e+02 5.885466845640000555e-01 3.201263713900002333e-02 7.715942657590000309e-01 1.650577145074892726e+00 1.309258043969999896e+00 9.070773591285645476e-02 7.752077616810000420e+09 1.424328088940000057e+09 6.608485024070982483e-01 1.792127593586749557e+00 6.699558826866225392e-01 3.826885209190000192e-01 3.091433407659999744e-01 1.014048483235650666e+00 -4.529817658889999876e+00 7.537719533579999576e-01 2.526421005780693854e-02
3.204094196570000008e+01 5.154619163683034913e+02 6.065418408089999769e-01 2.504469767634583816e-02 7.341221549240000144e-01 1.615546914504840448e+00 1.321287916169999965e+00 7.779253266816020529e-02 7.832661956789999962e+09 1.430158109950000048e+09 5.680390053213554280e-01 1.603471378786849755e+00 5.509882935180581143e-01 3.754208069459999964e-01 3.041752873799999923e-01 9.743354357092361973e-01 -4.252126958879999918e+00 7.721429851840000413e-01 1.801412439305084129e-02
3.389874945009999863e+01 5.058027374447256079e+02 6.111122361249999857e-01 2.057204651707643384e-02 7.010302048590000279e-01 1.572540810956448265e+00 1.307529099259999938e+00 6.768192133112065079e-02 8.143831679289999962e+09 1.481598438160000086e+09 4.869267457108975572e-01 1.438217336110901856e+00 4.658742737369229170e-01 3.788923553710000225e-01 2.990642727999999750e-01 9.280669688274836293e-01 -4.103051481499999653e+00 7.905979700790000120e-01 1.328510988428926488e-02
3.575644939759999374e+01 4.941566729085071756e+02 6.269040055229999631e-01 1.882841867614683945e-02 6.707043167159999486e-01 1.525230828969187824e+00 1.297182595730000054e+00 6.363615987296473986e-02 8.181877692720000267e+09 1.477206429930000067e+09 4.292766239161415753e-01 1.324251377098470739e+00 4.048477526398813198e-01 3.737995705020000226e-01 2.925414555440000175e-01 9.069096808239816010e-01 -3.926219533279999840e+00 8.097448016670000248e-01 1.141144891725896955e-02
3.761371919749999648e+01 4.815547021725442391e+02 6.336644097470000014e-01 1.881458090839997765e-02 6.421357013799999791e-01 1.483837126182566246e+00 1.279582580080000032e+00 6.191376432952636760e-02 8.679322067649999619e+09 1.562072450480000019e+09 3.584881597247555063e-01 1.149697750711161648e+00 3.316565567832077122e-01 3.762933690229999795e-01 2.851964893699999726e-01 8.441266193058759582e-01 -3.650664881760000036e+00 8.099131476469999535e-01 1.155036319805159521e-02
3.947141914499999160e+01 4.732299860332867638e+02 6.212306254710000530e-01 1.993358927583654266e-02 6.122857266369999829e-01 1.444950081543182829e+00 1.248473807589999929e+00 6.212629625325945260e-02 8.752987815520000458e+09 1.571157655519999981e+09 3.178041962064668269e-01 1.067707062017324793e+00 2.938595041069255731e-01 3.779732576839999747e-01 2.776494146299999799e-01 8.257196780558929694e-01 -3.350418509199999839e+00 7.942188866089999744e-01 1.275723007641700255e-02
4.132911909249999383e+01 4.586186097053233652e+02 6.167145775150000286e-01 2.128258098473879284e-02 5.843751733399999981e-01 1.399833164434634236e+00 1.225641603889999987e+00 6.323114433505350185e-02 8.820317413190000534e+09 1.572232085559999943e+09 2.776292656661230041e-01 9.682387249183405098e-01 2.529695945015850711e-01 3.708060489130000081e-01 2.728946238730000085e-01 7.979091994980954672e-01 -3.092324316770000081e+00 7.831382271490000546e-01 1.423057591816389959e-02
4.309336947389999040e+01 4.482721495987240701e+02 5.993371352490000081e-01 2.311967242640920739e-02 5.588072966699999533e-01 1.361844856404460069e+00 1.189578634779999922e+00 6.382615229667319701e-02 8.971864278159999847e+09 1.593495436640000105e+09 2.441844168710018692e-01 8.871544762005720841e-01 2.230031151220731311e-01 3.734158727240000086e-01 2.674086417439999752e-01 7.705488401245932373e-01 -2.886128372910000017e+00 7.683001558919999585e-01 1.611959391221919405e-02
4.495128449519999236e+01 4.365910441337878751e+02 5.852141215199999635e-01 2.499038284888545347e-02 5.335576482249999586e-01 1.315933289630891068e+00 1.158682663460000040e+00 6.504338765646387743e-02 9.146474574799999237e+09 1.619973515930000067e+09 2.121423374037391951e-01 8.037336333272415700e-01 1.933778342903409997e-01 3.784797959480000196e-01 2.593173452590000205e-01 7.404593406288066948e-01 -2.645820336389999916e+00 7.544096536800000141e-01 1.818886693100603760e-02
4.680887690579999116e+01 4.198233010617630612e+02 5.664729069460000543e-01 2.692575690293034368e-02 5.086121471100000235e-01 1.279040573807318282e+00 1.127519180399999987e+00 6.570428901841263158e-02 9.299849790059999466e+09 1.644331486910000086e+09 1.829528097821191968e-01 7.156807437171913699e-01 1.642640627223658223e-01 3.813054519280000276e-01 2.550922044160000013e-01 7.030166705653766446e-01 -2.410702201939999956e+00 7.349346017010000010e-01 2.027748386329525018e-02
4.866603916879999758e+01 4.066055187292520259e+02 5.744451558550000003e-01 2.793209375621302087e-02 4.877302381840000201e-01 1.219738744073798342e+00 1.093486141749999918e+00 6.678258334126215001e-02 9.645783763290000916e+09 1.692481905940000057e+09 1.555234680726989005e-01 6.335410365647524689e-01 1.407893313434614990e-01 3.775315360079999905e-01 2.550726989270000189e-01 6.624905769219286977e-01 -2.255221378229999907e+00 7.303242347609999463e-01 2.173359179849085679e-02
5.052384665319999613e+01 3.926937060752424031e+02 5.542096509310000529e-01 2.935510767918697236e-02 4.651297717199999737e-01 1.182981172292036032e+00 1.060698008489999955e+00 6.680749899050143770e-02 9.618947597950000763e+09 1.687492685759999990e+09 1.378277540436364246e-01 5.799278994814376365e-01 1.244461265529093474e-01 3.811342215180000270e-01 2.480794583860000124e-01 6.421955794729825584e-01 -2.047028064160000049e+00 7.079325188239999900e-01 2.335640305549336812e-02
5.238154660069998414e+01 3.751872760737247745e+02 5.472316831919999958e-01 3.005879877544084811e-02 4.455119368430000004e-01 1.137400351761330919e+00 1.026920992169999991e+00 6.691715856620970848e-02 1.027501173170000076e+10 1.799754639289999962e+09 1.124246908613306395e-01 4.866550653416811256e-01 1.000173409960330440e-01 3.847996817770000244e-01 2.466633463329999942e-01 5.811409557167040996e-01 -1.854952717450000010e+00 6.888185918779999861e-01 2.446926629549551341e-02
5.423870886369999056e+01 3.610308887564153792e+02 5.313434079919999720e-01 3.062544593062928658e-02 4.261725049869999893e-01 1.095775714869185347e+00 9.920411603259999822e-01 6.666854660293293489e-02 1.017653717029999924e+10 1.770943086029999971e+09 1.001595843698596527e-01 4.465958336196369505e-01 8.985561188800136878e-02 3.794763727920000274e-01 2.425909812110000063e-01 5.654395201686449601e-01 -1.695884951540000074e+00 6.700149635619999655e-01 2.523528241362210656e-02
5.618932069279998842e+01 3.447676362049860472e+02 5.248451026320000157e-01 3.063993420532232226e-02 4.084941884559999958e-01 1.039724566792814775e+00 9.544180329650000516e-01 6.569736372431835003e-02 1.084739141350000000e+10 1.889262015809999943e+09 8.184126033189673133e-02 3.754347818071290810e-01 7.314859681723076545e-02 3.838544956939999864e-01 2.424952912770000080e-01 5.115191600261614902e-01 -1.563023744379999913e+00 6.546014208979999971e-01 2.565187196290179272e-02
5.804702064029999775e+01 3.280456024919506604e+02 5.021857249979999605e-01 3.074406797419611259e-02 3.909026126210000118e-01 1.005853828750143952e+00 9.207631487699999839e-01 6.423599205616579988e-02 1.100209601400000000e+10 1.915659137309999943e+09 7.046266522690332323e-02 3.294834510163631713e-01 6.210245011743342064e-02 3.887221729379999879e-01 2.393518657419999862e-01 4.811985783288441065e-01 -1.417488907060000081e+00 6.305516695580000164e-01 2.587961374263740219e-02
5.990429044019999338e+01 3.138823811642701571e+02 4.963527592099999941e-01 3.007230614649353956e-02 3.756895483789999823e-01 9.609407060778917264e-01 8.893967988950000070e-01 6.318199390946829808e-02 1.144757455150000000e+10 1.987667956529999971e+09 5.960370486478788060e-02 2.850202095822062520e-01 5.283865841954814985e-02 3.812946610060000130e-01 2.417001436050000007e-01 4.454105202368019989e-01 -1.289335880949999957e+00 6.132378644379999910e-01 2.561214951779023502e-02
6.176199038769999561e+01 2.994934853073645513e+02 4.815667903470000066e-01 2.937438637338761482e-02 3.612699113010000018e-01 9.181125567778445351e-01 8.476481819450000232e-01 6.132898544107569933e-02 1.190264474420000076e+10 2.068905438559999943e+09 5.034309736489919057e-02 2.456823046470863470e-01 4.475023286804074435e-02 3.869410767729999923e-01 2.399055988009999862e-01 4.110609616387570497e-01 -1.187369155340000093e+00 5.893026882170000480e-01 2.523447104480810999e-02
6.361969033519999073e+01 2.810859819804642257e+02 4.593422361489999939e-01 2.869964954928313702e-02 3.461473116350000101e-01 8.847676200334952945e-01 8.140202979220000357e-01 5.866581295469062984e-02 1.175467077010000038e+10 2.051982945420000076e+09 4.409992232164859638e-02 2.171952799287329150e-01 3.833691650693521469e-02 3.939763545669999756e-01 2.383382274040000137e-01 3.894310499184574503e-01 -1.095434945989999909e+00 5.652206415799999606e-01 2.465178073319007623e-02
6.547685259819998294e+01 2.653898574540442610e+02 4.496946787600000217e-01 2.738339170722296767e-02 3.340047241219999963e-01 8.426857901529484218e-01 7.836056682549999985e-01 5.673381746421438110e-02 1.254718950000000000e+10 2.198199564099999905e+09 3.596360748850083167e-02 1.800456275494278779e-01 3.137804568925775528e-02 3.875707935020000217e-01 2.385831540009999974e-01 3.471051484114575647e-01 -9.947611105410000265e-01 5.476964089900000499e-01 2.364574425778347144e-02
6.726830981529998610e+01 2.496451556813664183e+02 4.255874927380000061e-01 2.651147915762351939e-02 3.206950502720000151e-01 8.140950148017982446e-01 7.514821857110000058e-01 5.401909739859953041e-02 1.263380315320000076e+10 2.222454858900000095e+09 3.111004679387209537e-02 1.578524214612733734e-01 2.728233424840493734e-02 3.973247599899999982e-01 2.394909720420000110e-01 3.238639451849121831e-01 -9.215084415580000465e-01 5.220969374099999616e-01 2.279351544936668653e-02
6.912590222589999200e+01 2.331004095880169587e+02 4.056017620349999797e-01 2.533979912247216054e-02 3.078368787399999862e-01 7.767584928046995518e-01 7.098427581199999725e-01 5.143630856924916173e-02 1.312498975850000000e+10 2.316755976059999943e+09 2.575605012453669948e-02 1.326043862735353795e-01 2.276586958878874106e-02 4.076818765399999878e-01 2.467683304590000126e-01 2.916908235576438635e-01 -8.652469915839999803e-01 4.947440024379999857e-01 2.187153913576089098e-02
7.098306448889998421e+01 2.141312927937689210e+02 3.838301347390000173e-01 2.429051786757211936e-02 2.944271829660000117e-01 7.488190421845091205e-01 6.811964591100000410e-01 4.932039751689185764e-02 1.278941854760000038e+10 2.265980547079999924e+09 2.229346253488665233e-02 1.156074360129146911e-01 1.937617706036397908e-02 4.071727581899999837e-01 2.507422165400000069e-01 2.733910831771145800e-01 -7.819117093790000084e-01 4.696041322289999931e-01 2.089220270593781723e-02
7.284022675189999063e+01 1.971808880139379028e+02 3.588864820389999766e-01 2.344404146226110319e-02 2.809437427570000145e-01 7.213444082790855250e-01 6.488600788970000366e-01 4.641692368640450844e-02 1.241709539539999962e+10 2.227110184960000038e+09 1.941719483759053039e-02 1.021933317265731472e-01 1.694650871821893820e-02 4.205644454899999940e-01 2.536582114150000011e-01 2.568432275552761657e-01 -7.407863990849999913e-01 4.432099073740000117e-01 2.007063705812004578e-02
7.476438450359998455e+01 1.793238014680220829e+02 3.473989630000000051e-01 2.212501268453002240e-02 2.688022003439999863e-01 6.865762716109933272e-01 6.187340513719999935e-01 4.416380073432376457e-02 1.288561195500000000e+10 2.326796175369999886e+09 1.554402767117319707e-02 8.312478641503692756e-02 1.375946076807300564e-02 4.237681627589999778e-01 2.607343808759999826e-01 2.252456659984898024e-01 -6.721228773530000256e-01 4.214013800349999950e-01 1.904775631154341856e-02
7.662208445109999388e+01 1.627485011120230922e+02 3.204883478730000124e-01 2.135821367873740398e-02 2.561553417119999954e-01 6.615912385110352956e-01 5.882828269480000483e-01 4.132992905645192783e-02 1.291631881900000000e+10 2.391271216969999790e+09 1.287882250029613075e-02 6.990337938866436618e-02 1.137469453288911941e-02 4.364351053430000071e-01 2.626182300500000122e-01 2.018400081852672334e-01 -6.490845660270000428e-01 3.953145897090000194e-01 1.830246728083126384e-02
7.847924671409998609e+01 1.460913896879671938e+02 3.033910624619999830e-01 2.049723141053567260e-02 2.450293023740000020e-01 6.310642026408902483e-01 5.566834901470000263e-01 3.964085616105136184e-02 1.347357335720000076e+10 2.559974154929999828e+09 1.012692170906038733e-02 5.580584007473948088e-02 8.961804051257701506e-03 4.645214762100000061e-01 2.625852525419999917e-01 1.727560244446643689e-01 -5.993835412310000166e-01 3.702010424339999828e-01 1.767958401306394742e-02
8.028543648649998943e+01 1.301369998891010766e+02 2.718839431380000171e-01 1.983983893870556320e-02 2.324849299279999892e-01 6.160668255804980786e-01 5.249241732960000517e-01 3.726554920862096276e-02 1.328482329960000038e+10 2.543945030599999905e+09 8.364769290529492154e-03 4.680801146315382438e-02 7.586622995519866526e-03 4.661041260120000196e-01 2.760477079959999802e-01 1.547168881673415264e-01 -5.741985758840000287e-01 3.382586044620000121e-01 1.706029667933085109e-02
8.214302889709999533e+01 1.124260119335236965e+02 2.493722595370000128e-01 1.927804879137873587e-02 2.199874064169999865e-01 5.901712748942291586e-01 4.989788522520000047e-01 3.473301889980780904e-02 1.248744882170000076e+10 2.467207149219999790e+09 6.979317760679422736e-03 3.938640124708744222e-02 6.186679057867736260e-03 4.931397371869999935e-01 2.870361609539999748e-01 1.387779083027620430e-01 -5.385261670150000013e-01 3.146337310580000213e-01 1.652546127507895438e-02
8.405180887209998275e+01 9.657183297543690514e+01 2.162076163910000015e-01 1.899201753228601727e-02 2.065177856089999986e-01 5.712053295415070453e-01 4.616824077059999976e-01 3.292963119630171187e-02 1.312309220360000038e+10 2.727628362230000019e+09 5.134971098363984819e-03 2.961632523484511101e-02 4.537628504940802859e-03 5.370336754950000291e-01 2.861584253159999980e-01 1.116778837851483130e-01 -5.721762457350000330e-01 2.707784809109999857e-01 1.659449465545959415e-02
8.590950881959999208e+01 8.152372386802194626e+01 1.886743919399999914e-01 1.831426860219342867e-02 1.914937149310000086e-01 5.467154279267162353e-01 4.301688407390000246e-01 3.056620513339883966e-02 1.211354911360000038e+10 2.621171517590000153e+09 4.145472909621829120e-03 2.474655382255536856e-02 3.711897370043813760e-03 5.656791559570000238e-01 2.882452999540000005e-01 9.920248500012467108e-02 -5.474921412740000326e-01 2.430577251449999865e-01 1.597905659043697899e-02
8.772505430229998069e+01 6.725708916189469733e+01 1.433184963019999980e-01 1.782499690873848297e-02 1.731040325769999944e-01 5.202006964857830429e-01 3.917577075079999860e-01 2.736166139763734906e-02 1.165551283500000000e+10 2.675354307670000076e+09 3.037333860622417215e-03 1.912082088810300104e-02 2.720178333324938576e-03 6.174268753289999800e-01 2.774152481669999726e-01 8.253298733091815609e-02 -5.934378909319999451e-01 2.014804307339999878e-01 1.548699433109525410e-02
8.962447856699998283e+01 5.210834512560118981e+01 1.013618128969999976e-01 1.656340986826945749e-02 1.476281606959999881e-01 4.792904271214036283e-01 3.414291146849999792e-01 2.393923564219388803e-02 1.103931966929999924e+10 2.770216716150000095e+09 1.951713879144319295e-03 1.354390749459187873e-02 1.719911469202189871e-03 6.759577173630000324e-01 2.703862116910000224e-01 6.431421829381396560e-02 -6.877479621800000054e-01 1.375969613219999998e-01 1.489251612732313441e-02
9.148293127279998771e+01 3.694457789658304137e+01 4.744423686569999854e-02 1.422929091372000625e-02 1.105775623820000053e-01 4.035071778011627974e-01 2.709292770380000159e-01 1.859981443918186025e-02 8.702061887649999619e+09 2.554153414300000191e+09 1.125418238396786027e-03 9.545847253474475450e-03 9.081548058745266081e-04 7.166112838389999684e-01 2.550779044029999887e-01 5.178067376954712669e-02 -7.932636695379999825e-01 6.888794752809999922e-02 1.311496481356491141e-02
9.287531905399998777e+01 2.290519398838925724e+01 1.497743728569999981e-02 1.040656929041084734e-02 7.248588425690000170e-02 2.901210420517567612e-01 1.811544829760000086e-01 1.282742983986803059e-02 6.849638727810000420e+09 2.240548650929999828e+09 3.203822877181778652e-04 4.951290188137062905e-03 2.279334348705461092e-04 6.856127447580000478e-01 2.174924182590000088e-01 3.733346841717987558e-02 -9.549057493110000294e-01 2.091275477720000095e-02 9.829999307465340369e-03
