  begin c2_def;
    nsec 27;
    sec  1    0.00000e+00    7.00600e-05    4.61232e-16   -2.00000e+01 ;
    sec  2   -2.06477e-05   -1.22119e-02    3.11581e+00   -2.00000e+01 ;
    sec  3   -7.28810e-03   -2.49251e-02    6.23162e+00   -2.00000e+01 ;
    sec  4   -1.89235e-02   -2.73351e-02    7.27026e+00   -2.00000e+01 ;
    sec  5   -5.41282e-02   -2.82163e-02    9.03638e+00   -2.00000e+01 ;
    sec  6   -1.26633e-01   -2.13210e-02    1.08036e+01   -2.00000e+01 ;
    sec  7   -2.25666e-01   -1.28378e-02    1.26757e+01   -2.00000e+01 ;
    sec  8   -2.88563e-01   -7.70659e-03    1.37163e+01   -2.00000e+01 ;
    sec  9   -3.99194e-01   -4.88317e-03    1.55894e+01   -1.99899e+01 ;
    sec 10   -5.76634e-01   -1.80296e-02    1.89183e+01   -1.81524e+01 ;
    sec 11   -7.07136e-01   -5.01772e-02    2.22446e+01   -1.50378e+01 ;
    sec 12   -7.91081e-01   -9.41228e-02    2.55693e+01   -1.19325e+01 ;
    sec 13   -8.37195e-01   -1.48880e-01    2.88932e+01   -9.07423e+00 ;
    sec 14   -8.53948e-01   -2.14514e-01    3.22168e+01   -6.40210e+00 ;
    sec 15   -8.49367e-01   -2.90618e-01    3.55407e+01   -4.42646e+00 ;
    sec 16   -7.93920e-01   -4.62574e-01    4.17730e+01   -2.38882e+00 ;
    sec 17   -7.16284e-01   -6.88437e-01    4.84214e+01   -8.65315e-01 ;
    sec 18   -6.34358e-01   -9.60017e-01    5.50701e+01    3.86227e-01 ;
    sec 19   -5.53179e-01   -1.28424e+00    6.17185e+01    1.40029e+00 ;
    sec 20   -4.75422e-01   -1.66402e+00    6.83666e+01    2.20040e+00 ;
    sec 21   -4.03180e-01   -2.10743e+00    7.50143e+01    2.81576e+00 ;
    sec 22   -3.30085e-01   -2.65630e+00    8.20773e+01    3.32980e+00 ;
    sec 23   -3.10140e-01   -2.78882e+00    8.36353e+01    3.43233e+00 ;
    sec 24   -2.86719e-01   -2.92517e+00    8.51936e+01    3.53125e+00 ;
    sec 25   -2.55823e-01   -3.06577e+00    8.67518e+01    3.62671e+00 ;
    sec 26   -2.07891e-01   -3.20952e+00    8.83100e+01    3.71914e+00 ;
    sec 27   -8.98940e-02   -3.33685e+00    8.96995e+01    3.79601e+00 ;
  end c2_def;
